1303
2 0 1 
2 2 3 
2 4 5 
2 6 7 
2 8 9 
2 10 11 
2 12 13 
2 14 15 
2 16 17 
2 18 19 
2 20 21 
2 22 23 
2 24 25 
2 26 27 
2 28 29 
2 30 31 
2 32 33 
2 34 35 
2 36 37 
2 38 39 
2 40 41 
2 42 43 
2 44 45 
2 46 47 
2 48 49 
2 50 51 
2 52 53 
2 54 55 
2 56 57 
2 58 59 
2 60 61 
2 62 63 
2 64 65 
2 66 67 
2 68 69 
2 70 71 
2 72 73 
2 74 75 
2 76 77 
2 78 79 
2 80 81 
2 82 83 
2 84 85 
2 86 87 
2 88 89 
2 90 91 
2 92 93 
2 94 95 
2 96 97 
2 98 99 
2 100 101 
2 102 103 
2 104 105 
2 106 107 
2 108 109 
2 110 111 
2 112 113 
2 114 115 
2 116 117 
2 118 119 
2 120 121 
2 122 123 
2 124 125 
2 126 127 
2 128 129 
2 130 131 
2 132 133 
2 134 135 
2 136 137 
2 138 139 
2 140 141 
2 142 143 
2 144 145 
2 146 147 
2 148 149 
2 150 151 
2 152 153 
2 154 155 
2 156 157 
2 158 159 
2 160 161 
2 162 163 
2 164 165 
2 166 167 
2 168 169 
2 170 171 
2 172 173 
2 174 175 
2 176 177 
2 178 179 
2 180 181 
2 182 183 
2 184 185 
2 186 187 
2 188 189 
2 190 191 
2 192 193 
2 194 195 
2 196 197 
2 198 199 
2 200 201 
2 202 203 
2 204 205 
2 206 207 
2 208 209 
2 210 211 
2 212 213 
2 214 215 
2 216 217 
2 218 219 
2 220 221 
2 222 223 
2 224 225 
2 226 227 
2 228 229 
2 230 231 
2 232 233 
2 234 235 
2 236 237 
2 238 239 
2 240 241 
2 242 243 
2 244 245 
2 246 247 
2 248 249 
2 250 251 
2 252 253 
2 254 255 
2 256 257 
2 258 259 
2 260 261 
2 262 263 
2 264 265 
2 266 267 
2 268 269 
2 270 271 
2 272 273 
2 274 275 
2 276 277 
2 278 279 
2 280 281 
2 282 283 
2 284 285 
2 286 287 
2 288 289 
2 290 291 
2 292 293 
2 294 295 
2 296 297 
2 298 299 
2 300 301 
2 302 303 
2 304 305 
2 306 307 
2 308 309 
2 310 311 
2 312 313 
2 314 315 
2 316 317 
2 318 319 
2 320 321 
2 322 323 
2 324 325 
2 326 327 
2 328 329 
2 330 331 
2 332 333 
2 334 335 
2 336 337 
2 338 339 
2 340 341 
2 342 343 
2 344 345 
2 346 347 
2 348 349 
2 350 351 
2 352 353 
2 354 355 
2 356 357 
2 358 359 
2 360 361 
2 362 363 
2 364 365 
2 366 367 
2 368 369 
2 370 371 
2 372 373 
2 374 375 
2 376 377 
2 378 379 
2 380 381 
2 382 383 
2 384 385 
2 386 387 
2 388 389 
2 390 391 
2 392 393 
2 394 395 
2 396 397 
2 398 399 
2 400 401 
2 402 403 
2 404 405 
2 406 407 
2 408 409 
2 410 411 
2 412 413 
2 414 415 
2 416 417 
2 418 419 
2 420 421 
2 422 423 
2 424 425 
2 426 427 
2 428 429 
2 430 431 
2 432 433 
2 434 435 
2 436 437 
2 438 439 
2 440 441 
2 442 443 
2 444 445 
2 446 447 
2 448 449 
2 450 451 
2 452 453 
2 454 455 
2 456 457 
2 458 459 
2 460 461 
2 462 463 
2 464 465 
2 466 467 
2 468 469 
2 470 471 
2 472 473 
2 474 475 
2 476 477 
2 478 479 
2 480 481 
2 482 483 
2 484 485 
2 486 487 
2 488 489 
2 490 491 
2 492 493 
2 494 495 
2 496 497 
2 498 499 
2 500 501 
2 502 503 
2 504 505 
2 506 507 
2 508 509 
2 510 511 
2 512 513 
2 514 515 
2 516 517 
2 518 519 
2 520 521 
2 522 523 
2 524 525 
2 526 527 
2 528 529 
2 530 531 
2 532 533 
2 534 535 
2 536 537 
2 538 539 
2 540 541 
2 542 543 
2 544 545 
2 546 547 
2 548 549 
2 550 551 
2 552 553 
2 554 555 
2 556 557 
2 558 559 
2 560 561 
2 562 563 
2 564 565 
2 566 567 
2 568 569 
2 570 571 
2 572 573 
2 574 575 
2 576 577 
2 578 579 
2 580 581 
2 582 583 
2 584 585 
2 586 587 
2 588 589 
2 590 591 
2 592 593 
2 594 595 
2 596 597 
2 598 599 
2 600 601 
2 602 603 
2 604 605 
2 606 607 
2 608 609 
2 610 611 
2 612 613 
2 614 615 
2 616 617 
2 618 619 
2 620 621 
2 622 623 
2 624 625 
2 626 627 
2 628 629 
2 630 631 
2 632 633 
2 634 635 
2 636 637 
2 638 639 
2 640 641 
2 642 643 
2 644 645 
2 646 647 
2 648 649 
2 650 651 
2 652 653 
2 654 655 
2 656 657 
2 658 659 
2 660 661 
2 662 663 
2 664 665 
2 666 667 
2 668 669 
2 670 671 
2 672 673 
2 674 675 
2 676 677 
2 678 679 
2 680 681 
2 682 683 
2 684 685 
2 686 687 
2 688 689 
2 690 691 
2 692 693 
2 694 695 
2 696 697 
2 698 699 
2 700 701 
2 702 703 
2 704 705 
2 706 707 
2 708 709 
2 710 711 
2 712 713 
2 714 715 
2 716 717 
2 718 719 
2 720 721 
2 722 723 
2 724 725 
2 726 727 
2 728 729 
2 730 731 
2 732 733 
2 734 735 
2 736 737 
2 738 739 
2 740 741 
2 742 743 
2 744 745 
2 746 747 
2 748 749 
2 750 751 
2 752 753 
2 754 755 
2 756 757 
2 758 759 
2 760 761 
2 762 763 
2 764 765 
2 766 767 
2 768 769 
2 770 771 
2 772 773 
2 774 775 
2 776 777 
2 778 779 
2 780 781 
2 782 783 
2 784 785 
2 786 787 
2 788 789 
2 790 791 
2 792 793 
2 794 795 
2 796 797 
2 798 799 
2 800 801 
2 802 803 
2 804 805 
2 806 807 
2 808 809 
2 810 811 
2 812 813 
2 814 815 
2 816 817 
2 818 819 
2 820 821 
2 822 823 
2 824 825 
2 826 827 
2 828 829 
2 830 831 
2 832 833 
2 834 835 
2 836 837 
2 838 839 
2 840 841 
2 842 843 
2 844 845 
2 846 847 
2 848 849 
2 850 851 
2 852 853 
2 854 855 
2 856 857 
2 858 859 
2 860 861 
2 862 863 
2 864 865 
2 866 867 
2 868 869 
2 870 871 
2 872 873 
2 874 875 
2 876 877 
2 878 879 
2 880 881 
2 882 883 
2 884 885 
2 886 887 
2 888 889 
2 890 891 
2 892 893 
2 894 895 
2 896 897 
2 898 899 
2 900 901 
2 902 903 
2 904 905 
2 906 907 
2 908 909 
2 910 911 
2 912 913 
2 914 915 
2 916 917 
2 918 919 
2 920 921 
2 922 923 
2 924 925 
2 926 927 
2 928 929 
2 930 931 
2 932 933 
2 934 935 
2 936 937 
2 938 939 
2 940 941 
2 942 943 
2 944 945 
2 946 947 
2 948 949 
2 950 951 
2 952 953 
2 954 955 
2 956 957 
2 958 959 
2 960 961 
2 962 963 
2 964 965 
2 966 967 
2 968 969 
2 970 971 
2 972 973 
2 974 975 
2 976 977 
2 978 979 
2 980 981 
2 982 983 
2 984 985 
2 986 987 
2 988 989 
2 990 991 
2 992 993 
2 994 995 
2 996 997 
2 998 999 
2 1000 1001 
2 1002 1003 
2 1004 1005 
2 1006 1007 
3 1008 1009 1010 
3 1011 1012 1013 
3 1014 1015 1016 
3 1017 1018 1019 
3 1020 1021 1022 
3 1023 1024 1025 
3 1026 1027 1028 
3 1029 1030 1031 
3 1032 1033 1034 
3 1035 1036 1037 
3 1038 1039 1040 
3 1041 1042 1043 
3 1044 1045 1046 
3 1047 1048 1049 
3 1050 1051 1052 
3 1053 1054 1055 
3 1056 1057 1058 
3 1059 1060 1061 
3 1062 1063 1064 
3 1065 1066 1067 
3 1068 1069 1070 
3 1071 1072 1073 
3 1074 1075 1076 
3 1077 1078 1079 
3 1080 1081 1082 
3 1083 1084 1085 
3 1086 1087 1088 
3 1089 1090 1091 
3 1092 1093 1094 
3 1095 1096 1097 
3 1098 1099 1100 
3 1101 1102 1103 
3 1104 1105 1106 
3 1107 1108 1109 
3 1110 1111 1112 
3 1113 1114 1115 
3 1116 1117 1118 
3 1119 1120 1121 
3 1122 1123 1124 
3 1125 1126 1127 
3 1128 1129 1130 
3 1131 1132 1133 
3 1134 1135 1136 
3 1137 1138 1139 
3 1140 1141 1142 
3 1143 1144 1145 
3 1146 1147 1148 
3 1149 1150 1151 
3 1152 1153 1154 
3 1155 1156 1157 
3 1158 1159 1160 
3 1161 1162 1163 
3 1164 1165 1166 
3 1167 1168 1169 
3 1170 1171 1172 
3 1173 1174 1175 
3 1176 1177 1178 
3 1179 1180 1181 
3 1182 1183 1184 
3 1185 1186 1187 
3 1188 1189 1190 
3 1191 1192 1193 
3 1194 1195 1196 
3 1197 1198 1199 
3 1200 1201 1202 
3 1203 1204 1205 
3 1206 1207 1208 
3 1209 1210 1211 
3 1212 1213 1214 
3 1215 1216 1217 
3 1218 1219 1220 
3 1221 1222 1223 
3 1224 1225 1226 
3 1227 1228 1229 
3 1230 1231 1232 
3 1233 1234 1235 
3 1236 1237 1238 
3 1239 1240 1241 
3 1242 1243 1244 
3 1245 1246 1247 
3 1248 1249 1250 
3 1251 1252 1253 
3 1254 1255 1256 
3 1257 1258 1259 
3 1260 1261 1262 
3 1263 1264 1265 
3 1266 1267 1268 
3 1269 1270 1271 
3 1272 1273 1274 
3 1275 1276 1277 
3 1278 1279 1280 
3 1281 1282 1283 
3 1284 1285 1286 
3 1287 1288 1289 
3 1290 1291 1292 
3 1293 1294 1295 
3 1296 1297 1298 
3 1299 1300 1301 
3 1302 1303 1304 
3 1305 1306 1307 
3 1308 1309 1310 
3 1311 1312 1313 
3 1314 1315 1316 
3 1317 1318 1319 
3 1320 1321 1322 
3 1323 1324 1325 
3 1326 1327 1328 
3 1329 1330 1331 
3 1332 1333 1334 
3 1335 1336 1337 
3 1338 1339 1340 
3 1341 1342 1343 
3 1344 1345 1346 
3 1347 1348 1349 
3 1350 1351 1352 
3 1353 1354 1355 
3 1356 1357 1358 
3 1359 1360 1361 
3 1362 1363 1364 
3 1365 1366 1367 
3 1368 1369 1370 
3 1371 1372 1373 
3 1374 1375 1376 
3 1377 1378 1379 
3 1380 1381 1382 
3 1383 1384 1385 
3 1386 1387 1388 
3 1389 1390 1391 
3 1392 1393 1394 
3 1395 1396 1397 
3 1398 1399 1400 
3 1401 1402 1403 
3 1404 1405 1406 
3 1407 1408 1409 
3 1410 1411 1412 
3 1413 1414 1415 
3 1416 1417 1418 
3 1419 1420 1421 
3 1422 1423 1424 
3 1425 1426 1427 
3 1428 1429 1430 
3 1431 1432 1433 
3 1434 1435 1436 
3 1437 1438 1439 
3 1440 1441 1442 
3 1443 1444 1445 
3 1446 1447 1448 
3 1449 1450 1451 
3 1452 1453 1454 
3 1455 1456 1457 
3 1458 1459 1460 
3 1461 1462 1463 
3 1464 1465 1466 
3 1467 1468 1469 
3 1470 1471 1472 
3 1473 1474 1475 
3 1476 1477 1478 
3 1479 1480 1481 
3 1482 1483 1484 
3 1485 1486 1487 
3 1488 1489 1490 
3 1491 1492 1493 
3 1494 1495 1496 
3 1497 1498 1499 
3 1500 1501 1502 
3 1503 1504 1505 
3 1506 1507 1508 
3 1509 1510 1511 
3 1512 1513 1514 
3 1515 1516 1517 
3 1518 1519 1520 
3 1521 1522 1523 
3 1524 1525 1526 
3 1527 1528 1529 
3 1530 1531 1532 
3 1533 1534 1535 
3 1536 1537 1538 
3 1539 1540 1541 
3 1542 1543 1544 
3 1545 1546 1547 
3 1548 1549 1550 
3 1551 1552 1553 
3 1554 1555 1556 
3 1557 1558 1559 
3 1560 1561 1562 
3 1563 1564 1565 
3 1566 1567 1568 
3 1569 1570 1571 
3 1572 1573 1574 
3 1575 1576 1577 
3 1578 1579 1580 
3 1581 1582 1583 
3 1584 1585 1586 
3 1587 1588 1589 
3 1590 1591 1592 
3 1593 1594 1595 
3 1596 1597 1598 
3 1599 1600 1601 
3 1602 1603 1604 
3 1605 1606 1607 
3 1608 1609 1610 
3 1611 1612 1613 
3 1614 1615 1616 
3 1617 1618 1619 
3 1620 1621 1622 
3 1623 1624 1625 
3 1626 1627 1628 
3 1629 1630 1631 
3 1632 1633 1634 
3 1635 1636 1637 
3 1638 1639 1640 
3 1641 1642 1643 
3 1644 1645 1646 
3 1647 1648 1649 
3 1650 1651 1652 
3 1653 1654 1655 
3 1656 1657 1658 
3 1659 1660 1661 
3 1662 1663 1664 
3 1665 1666 1667 
3 1668 1669 1670 
3 1671 1672 1673 
3 1674 1675 1676 
3 1677 1678 1679 
3 1680 1681 1682 
3 1683 1684 1685 
3 1686 1687 1688 
3 1689 1690 1691 
3 1692 1693 1694 
3 1695 1696 1697 
3 1698 1699 1700 
3 1701 1702 1703 
3 1704 1705 1706 
3 1707 1708 1709 
3 1710 1711 1712 
3 1713 1714 1715 
3 1716 1717 1718 
3 1719 1720 1721 
3 1722 1723 1724 
3 1725 1726 1727 
3 1728 1729 1730 
3 1731 1732 1733 
3 1734 1735 1736 
3 1737 1738 1739 
3 1740 1741 1742 
3 1743 1744 1745 
3 1746 1747 1748 
3 1749 1750 1751 
3 1752 1753 1754 
3 1755 1756 1757 
3 1758 1759 1760 
3 1761 1762 1763 
3 1764 1765 1766 
3 1767 1768 1769 
3 1770 1771 1772 
3 1773 1774 1775 
3 1776 1777 1778 
3 1779 1780 1781 
3 1782 1783 1784 
3 1785 1786 1787 
3 1788 1789 1790 
3 1791 1792 1793 
3 1794 1795 1796 
3 1797 1798 1799 
3 1800 1801 1802 
3 1803 1804 1805 
3 1806 1807 1808 
3 1809 1810 1811 
3 1812 1813 1814 
3 1815 1816 1817 
3 1818 1819 1820 
3 1821 1822 1823 
3 1824 1825 1826 
3 1827 1828 1829 
3 1830 1831 1832 
3 1833 1834 1835 
3 1836 1837 1838 
3 1839 1840 1841 
3 1842 1843 1844 
3 1845 1846 1847 
3 1848 1849 1850 
3 1851 1852 1853 
3 1854 1855 1856 
3 1857 1858 1859 
3 1860 1861 1862 
3 1863 1864 1865 
3 1866 1867 1868 
3 1869 1870 1871 
3 1872 1873 1874 
3 1875 1876 1877 
3 1878 1879 1880 
3 1881 1882 1883 
3 1884 1885 1886 
3 1887 1888 1889 
3 1890 1891 1892 
3 1893 1894 1895 
3 1896 1897 1898 
3 1899 1900 1901 
3 1902 1903 1904 
3 1905 1906 1907 
3 1908 1909 1910 
3 1911 1912 1913 
3 1914 1915 1916 
3 1917 1918 1919 
3 1920 1921 1922 
3 1923 1924 1925 
3 1926 1927 1928 
3 1929 1930 1931 
3 1932 1933 1934 
3 1935 1936 1937 
3 1938 1939 1940 
3 1941 1942 1943 
3 1944 1945 1946 
3 1947 1948 1949 
3 1950 1951 1952 
3 1953 1954 1955 
3 1956 1957 1958 
3 1959 1960 1961 
3 1962 1963 1964 
3 1965 1966 1967 
3 1968 1969 1970 
3 1971 1972 1973 
3 1974 1975 1976 
3 1977 1978 1979 
3 1980 1981 1982 
3 1983 1984 1985 
3 1986 1987 1988 
3 1989 1990 1991 
3 1992 1993 1994 
3 1995 1996 1997 
3 1998 1999 2000 
3 2001 2002 2003 
3 2004 2005 2006 
3 2007 2008 2009 
3 2010 2011 2012 
3 2013 2014 2015 
3 2016 2017 2018 
3 2019 2020 2021 
3 2022 2023 2024 
3 2025 2026 2027 
3 2028 2029 2030 
3 2031 2032 2033 
3 2034 2035 2036 
3 2037 2038 2039 
3 2040 2041 2042 
3 2043 2044 2045 
3 2046 2047 2048 
3 2049 2050 2051 
3 2052 2053 2054 
3 2055 2056 2057 
3 2058 2059 2060 
3 2061 2062 2063 
3 2064 2065 2066 
3 2067 2068 2069 
3 2070 2071 2072 
3 2073 2074 2075 
3 2076 2077 2078 
3 2079 2080 2081 
3 2082 2083 2084 
3 2085 2086 2087 
3 2088 2089 2090 
3 2091 2092 2093 
3 2094 2095 2096 
3 2097 2098 2099 
3 2100 2101 2102 
3 2103 2104 2105 
3 2106 2107 2108 
3 2109 2110 2111 
3 2112 2113 2114 
3 2115 2116 2117 
3 2118 2119 2120 
3 2121 2122 2123 
3 2124 2125 2126 
3 2127 2128 2129 
3 2130 2131 2132 
3 2133 2134 2135 
3 2136 2137 2138 
3 2139 2140 2141 
3 2142 2143 2144 
3 2145 2146 2147 
3 2148 2149 2150 
3 2151 2152 2153 
3 2154 2155 2156 
3 2157 2158 2159 
3 2160 2161 2162 
3 2163 2164 2165 
3 2166 2167 2168 
3 2169 2170 2171 
3 2172 2173 2174 
3 2175 2176 2177 
3 2178 2179 2180 
3 2181 2182 2183 
3 2184 2185 2186 
3 2187 2188 2189 
3 2190 2191 2192 
3 2193 2194 2195 
3 2196 2197 2198 
3 2199 2200 2201 
3 2202 2203 2204 
3 2205 2206 2207 
3 2208 2209 2210 
3 2211 2212 2213 
3 2214 2215 2216 
3 2217 2218 2219 
3 2220 2221 2222 
3 2223 2224 2225 
3 2226 2227 2228 
3 2229 2230 2231 
3 2232 2233 2234 
3 2235 2236 2237 
3 2238 2239 2240 
3 2241 2242 2243 
3 2244 2245 2246 
3 2247 2248 2249 
3 2250 2251 2252 
3 2253 2254 2255 
3 2256 2257 2258 
3 2259 2260 2261 
3 2262 2263 2264 
3 2265 2266 2267 
3 2268 2269 2270 
3 2271 2272 2273 
3 2274 2275 2276 
3 2277 2278 2279 
3 2280 2281 2282 
3 2283 2284 2285 
3 2286 2287 2288 
3 2289 2290 2291 
3 2292 2293 2294 
3 2295 2296 2297 
3 2298 2299 2300 
3 2301 2302 2303 
3 2304 2305 2306 
3 2307 2308 2309 
3 2310 2311 2312 
3 2313 2314 2315 
3 2316 2317 2318 
3 2319 2320 2321 
3 2322 2323 2324 
3 2325 2326 2327 
3 2328 2329 2330 
3 2331 2332 2333 
3 2334 2335 2336 
3 2337 2338 2339 
3 2340 2341 2342 
3 2343 2344 2345 
3 2346 2347 2348 
3 2349 2350 2351 
3 2352 2353 2354 
3 2355 2356 2357 
3 2358 2359 2360 
3 2361 2362 2363 
3 2364 2365 2366 
3 2367 2368 2369 
3 2370 2371 2372 
3 2373 2374 2375 
3 2376 2377 2378 
3 2379 2380 2381 
3 2382 2383 2384 
3 2385 2386 2387 
3 2388 2389 2390 
3 2391 2392 2393 
3 2394 2395 2396 
3 2397 2398 2399 
3 2400 2401 2402 
3 2403 2404 2405 
3 2406 2407 2408 
3 2409 2410 2411 
3 2412 2413 2414 
3 2415 2416 2417 
3 2418 2419 2420 
3 2421 2422 2423 
3 2424 2425 2426 
3 2427 2428 2429 
3 2430 2431 2432 
3 2433 2434 2435 
3 2436 2437 2438 
3 2439 2440 2441 
3 2442 2443 2444 
3 2445 2446 2447 
3 2448 2449 2450 
3 2451 2452 2453 
3 2454 2455 2456 
3 2457 2458 2459 
3 2460 2461 2462 
3 2463 2464 2465 
3 2466 2467 2468 
3 2469 2470 2471 
3 2472 2473 2474 
3 2475 2476 2477 
3 2478 2479 2480 
3 2481 2482 2483 
3 2484 2485 2486 
3 2487 2488 2489 
3 2490 2491 2492 
3 2493 2494 2495 
3 2496 2497 2498 
3 2499 2500 2501 
3 2502 2503 2504 
3 2505 2506 2507 
3 2508 2509 2510 
3 2511 2512 2513 
3 2514 2515 2516 
3 2517 2518 2519 
3 2520 2521 2522 
3 2523 2524 2525 
3 2526 2527 2528 
3 2529 2530 2531 
3 2532 2533 2534 
3 2535 2536 2537 
3 2538 2539 2540 
3 2541 2542 2543 
3 2544 2545 2546 
3 2547 2548 2549 
3 2550 2551 2552 
3 2553 2554 2555 
3 2556 2557 2558 
3 2559 2560 2561 
3 2562 2563 2564 
3 2565 2566 2567 
3 2568 2569 2570 
3 2571 2572 2573 
3 2574 2575 2576 
3 2577 2578 2579 
3 2580 2581 2582 
3 2583 2584 2585 
3 2586 2587 2588 
3 2589 2590 2591 
3 2592 2593 2594 
3 2595 2596 2597 
3 2598 2599 2600 
3 2601 2602 2603 
3 2604 2605 2606 
3 2607 2608 2609 
3 2610 2611 2612 
3 2613 2614 2615 
3 2616 2617 2618 
3 2619 2620 2621 
3 2622 2623 2624 
4 2625 2626 2627 2628 
4 2629 2630 2631 2632 
4 2633 2634 2635 2636 
4 2637 2638 2639 2640 
4 2641 2642 2643 2644 
4 2645 2646 2647 2648 
4 2649 2650 2651 2652 
4 2653 2654 2655 2656 
4 2657 2658 2659 2660 
4 2661 2662 2663 2664 
4 2665 2666 2667 2668 
4 2669 2670 2671 2672 
4 2673 2674 2675 2676 
4 2677 2678 2679 2680 
4 2681 2682 2683 2684 
4 2685 2686 2687 2688 
4 2689 2690 2691 2692 
4 2693 2694 2695 2696 
4 2697 2698 2699 2700 
4 2701 2702 2703 2704 
4 2705 2706 2707 2708 
4 2709 2710 2711 2712 
4 2713 2714 2715 2716 
4 2717 2718 2719 2720 
4 2721 2722 2723 2724 
4 2725 2726 2727 2728 
4 2729 2730 2731 2732 
4 2733 2734 2735 2736 
4 2737 2738 2739 2740 
4 2741 2742 2743 2744 
4 2745 2746 2747 2748 
4 2749 2750 2751 2752 
4 2753 2754 2755 2756 
4 2757 2758 2759 2760 
4 2761 2762 2763 2764 
4 2765 2766 2767 2768 
4 2769 2770 2771 2772 
4 2773 2774 2775 2776 
4 2777 2778 2779 2780 
4 2781 2782 2783 2784 
4 2785 2786 2787 2788 
4 2789 2790 2791 2792 
4 2793 2794 2795 2796 
4 2797 2798 2799 2800 
4 2801 2802 2803 2804 
4 2805 2806 2807 2808 
4 2809 2810 2811 2812 
4 2813 2814 2815 2816 
4 2817 2818 2819 2820 
4 2821 2822 2823 2824 
4 2825 2826 2827 2828 
4 2829 2830 2831 2832 
4 2833 2834 2835 2836 
4 2837 2838 2839 2840 
4 2841 2842 2843 2844 
4 2845 2846 2847 2848 
4 2849 2850 2851 2852 
4 2853 2854 2855 2856 
4 2857 2858 2859 2860 
4 2861 2862 2863 2864 
4 2865 2866 2867 2868 
4 2869 2870 2871 2872 
4 2873 2874 2875 2876 
4 2877 2878 2879 2880 
4 2881 2882 2883 2884 
4 2885 2886 2887 2888 
4 2889 2890 2891 2892 
4 2893 2894 2895 2896 
4 2897 2898 2899 2900 
4 2901 2902 2903 2904 
4 2905 2906 2907 2908 
4 2909 2910 2911 2912 
4 2913 2914 2915 2916 
4 2917 2918 2919 2920 
4 2921 2922 2923 2924 
4 2925 2926 2927 2928 
4 2929 2930 2931 2932 
4 2933 2934 2935 2936 
4 2937 2938 2939 2940 
4 2941 2942 2943 2944 
4 2945 2946 2947 2948 
4 2949 2950 2951 2952 
4 2953 2954 2955 2956 
4 2957 2958 2959 2960 
4 2961 2962 2963 2964 
4 2965 2966 2967 2968 
4 2969 2970 2971 2972 
4 2973 2974 2975 2976 
4 2977 2978 2979 2980 
4 2981 2982 2983 2984 
4 2985 2986 2987 2988 
4 2989 2990 2991 2992 
4 2993 2994 2995 2996 
4 2997 2998 2999 3000 
4 3001 3002 3003 3004 
4 3005 3006 3007 3008 
4 3009 3010 3011 3012 
4 3013 3014 3015 3016 
4 3017 3018 3019 3020 
4 3021 3022 3023 3024 
4 3025 3026 3027 3028 
4 3029 3030 3031 3032 
4 3033 3034 3035 3036 
4 3037 3038 3039 3040 
4 3041 3042 3043 3044 
4 3045 3046 3047 3048 
4 3049 3050 3051 3052 
4 3053 3054 3055 3056 
4 3057 3058 3059 3060 
4 3061 3062 3063 3064 
4 3065 3066 3067 3068 
4 3069 3070 3071 3072 
4 3073 3074 3075 3076 
4 3077 3078 3079 3080 
4 3081 3082 3083 3084 
4 3085 3086 3087 3088 
4 3089 3090 3091 3092 
4 3093 3094 3095 3096 
4 3097 3098 3099 3100 
4 3101 3102 3103 3104 
4 3105 3106 3107 3108 
4 3109 3110 3111 3112 
4 3113 3114 3115 3116 
4 3117 3118 3119 3120 
4 3121 3122 3123 3124 
4 3125 3126 3127 3128 
4 3129 3130 3131 3132 
4 3133 3134 3135 3136 
4 3137 3138 3139 3140 
4 3141 3142 3143 3144 
4 3145 3146 3147 3148 
4 3149 3150 3151 3152 
4 3153 3154 3155 3156 
4 3157 3158 3159 3160 
4 3161 3162 3163 3164 
4 3165 3166 3167 3168 
4 3169 3170 3171 3172 
4 3173 3174 3175 3176 
4 3177 3178 3179 3180 
4 3181 3182 3183 3184 
4 3185 3186 3187 3188 
4 3189 3190 3191 3192 
4 3193 3194 3195 3196 
4 3197 3198 3199 3200 
4 3201 3202 3203 3204 
4 3205 3206 3207 3208 
4 3209 3210 3211 3212 
4 3213 3214 3215 3216 
4 3217 3218 3219 3220 
4 3221 3222 3223 3224 
4 3225 3226 3227 3228 
4 3229 3230 3231 3232 
4 3233 3234 3235 3236 
4 3237 3238 3239 3240 
4 3241 3242 3243 3244 
4 3245 3246 3247 3248 
4 3249 3250 3251 3252 
4 3253 3254 3255 3256 
4 3257 3258 3259 3260 
4 3261 3262 3263 3264 
4 3265 3266 3267 3268 
4 3269 3270 3271 3272 
4 3273 3274 3275 3276 
4 3277 3278 3279 3280 
4 3281 3282 3283 3284 
4 3285 3286 3287 3288 
4 3289 3290 3291 3292 
4 3293 3294 3295 3296 
4 3297 3298 3299 3300 
4 3301 3302 3303 3304 
4 3305 3306 3307 3308 
4 3309 3310 3311 3312 
4 3313 3314 3315 3316 
4 3317 3318 3319 3320 
4 3321 3322 3323 3324 
4 3325 3326 3327 3328 
4 3329 3330 3331 3332 
4 3333 3334 3335 3336 
4 3337 3338 3339 3340 
4 3341 3342 3343 3344 
4 3345 3346 3347 3348 
4 3349 3350 3351 3352 
4 3353 3354 3355 3356 
4 3357 3358 3359 3360 
4 3361 3362 3363 3364 
4 3365 3366 3367 3368 
4 3369 3370 3371 3372 
4 3373 3374 3375 3376 
4 3377 3378 3379 3380 
4 3381 3382 3383 3384 
4 3385 3386 3387 3388 
4 3389 3390 3391 3392 
4 3393 3394 3395 3396 
4 3397 3398 3399 3400 
4 3401 3402 3403 3404 
4 3405 3406 3407 3408 
4 3409 3410 3411 3412 
4 3413 3414 3415 3416 
4 3417 3418 3419 3420 
4 3421 3422 3423 3424 
4 3425 3426 3427 3428 
4 3429 3430 3431 3432 
4 3433 3434 3435 3436 
4 3437 3438 3439 3440 
4 3441 3442 3443 3444 
4 3445 3446 3447 3448 
4 3449 3450 3451 3452 
4 3453 3454 3455 3456 
4 3457 3458 3459 3460 
4 3461 3462 3463 3464 
4 3465 3466 3467 3468 
4 3469 3470 3471 3472 
4 3473 3474 3475 3476 
4 3477 3478 3479 3480 
4 3481 3482 3483 3484 
4 3485 3486 3487 3488 
4 3489 3490 3491 3492 
4 3493 3494 3495 3496 
4 3497 3498 3499 3500 
4 3501 3502 3503 3504 
4 3505 3506 3507 3508 
4 3509 3510 3511 3512 
4 3513 3514 3515 3516 
4 3517 3518 3519 3520 
4 3521 3522 3523 3524 
4 3525 3526 3527 3528 
4 3529 3530 3531 3532 
4 3533 3534 3535 3536 
4 3537 3538 3539 3540 
4 3541 3542 3543 3544 
4 3545 3546 3547 3548 
4 3549 3550 3551 3552 
4 3553 3554 3555 3556 
4 3557 3558 3559 3560 
4 3561 3562 3563 3564 
4 3565 3566 3567 3568 
4 3569 3570 3571 3572 
4 3573 3574 3575 3576 
4 3577 3578 3579 3580 
4 3581 3582 3583 3584 
4 3585 3586 3587 3588 
4 3589 3590 3591 3592 
4 3593 3594 3595 3596 
4 3597 3598 3599 3600 
4 3601 3602 3603 3604 
4 3605 3606 3607 3608 
4 3609 3610 3611 3612 
4 3613 3614 3615 3616 
4 3617 3618 3619 3620 
4 3621 3622 3623 3624 
4 3625 3626 3627 3628 
4 3629 3630 3631 3632 
4 3633 3634 3635 3636 
4 3637 3638 3639 3640 
4 3641 3642 3643 3644 
4 3645 3646 3647 3648 
4 3649 3650 3651 3652 
4 3653 3654 3655 3656 
4 3657 3658 3659 3660 
4 3661 3662 3663 3664 
